11 0.66604 0.4123263888888889 0.10479999999999999 0.11864583333333334
11 0.69686 0.48392361111111115 0.0848 0.09114583333333333
11 0.79726 0.390625 0.12226000000000001 0.10416666666666667
11 0.8331000000000001 0.45645833333333335 0.1206 0.10562500000000001
11 0.84892 0.5360069444444444 0.10726000000000001 0.12006944444444444
11 0.8830800000000001 0.6054513888888889 0.10224 0.1171875
5 0.38727999999999996 0.886875 0.53064 0.15913194444444445
5 0.27148 0.7725694444444444 0.46902 0.11864583333333334
5 0.23982 0.5888194444444445 0.4057 0.21121527777777777
5 0.3348 0.3710763888888889 0.50566 0.206875
5 0.50312 0.10996527777777779 0.50728 0.2054513888888889
5 0.57726 0.24954861111111112 0.49894 0.20111111111111113
5 0.51644 0.6430902777777778 0.44730000000000003 0.19819444444444445