10 0.37896634615384617 0.6208653846153845 0.3937019230769231 0.7582692307692308
10 0.6460336538461539 0.6235336538461538 0.19334134615384618 0.7529326923076923
5 0.4684375 0.33853365384615386 0.2040625 0.4821153846153846
10 0.06158653846153846 0.3745913461538462 0.12319711538461539 0.4420432692307692
10 0.9050721153846154 0.41533653846153845 0.1585576923076923 0.41665865384615386
10 0.7415144230769232 0.3685817307692308 0.09317307692307691 0.40331730769230767
10 0.9124278846153846 0.21367788461538462 0.13052884615384613 0.1415625
10 0.3662980769230769 0.2991346153846154 0.12798076923076923 0.2724278846153846
10 0.5231730769230769 0.28778846153846155 0.1453125 0.20165865384615383
10 0.18134615384615385 0.26108173076923075 0.14805288461538463 0.2363701923076923
10 0.4263701923076923 0.21634615384615385 0.16002403846153845 0.15223557692307693