5 0.9416105769230769 0.6435576923076923 0.11677884615384615 0.7128846153846153
5 0.7875721153846154 0.6370192307692307 0.18798076923076923 0.7184855769230769
5 0.6807451923076923 0.7391826923076923 0.1479326923076923 0.4367067307692307
5 0.5946153846153847 0.5942788461538462 0.17064903846153845 0.6303365384615385
5 0.49314903846153846 0.57625 0.1519951923076923 0.5836057692307692
5 0.40834134615384615 0.5649038461538461 0.15600961538461539 0.56625
5 0.32156250000000003 0.550889423076923 0.12132211538461538 0.5435336538461539
5 0.2601201923076923 0.5555528846153847 0.11865384615384615 0.5074759615384615
5 0.21338942307692307 0.5582211538461539 0.11867788461538462 0.4941346153846154
5 0.15396634615384613 0.5348557692307693 0.11201923076923077 0.43403846153846154
5 0.0878846153846154 0.502139423076923 0.0786298076923077 0.39798076923076925