5 0.21533653846153847 0.25310096153846157 0.25149038461538464 0.22625
5 0.23158653846153848 0.5182451923076923 0.21329326923076924 0.23331730769230768
5 0.2344230769230769 0.7876201923076922 0.21048076923076925 0.21492788461538462
5 0.6203846153846153 0.8577403846153846 0.49314903846153846 0.28449519230769227
5 0.6041346153846153 0.5733894230769231 0.46913461538461537 0.2700721153846154
5 0.5878605769230769 0.2785576923076923 0.47620192307692305 0.28562499999999996
5 0.4966826923076923 0.0728125 0.25141826923076926 0.14564903846153848
5 0.9477884615384615 0.21846153846153846 0.10442307692307692 0.2304807692307692
5 0.18990384615384615 0.0629326923076923 0.1868028846153846 0.12584134615384615
5 0.06884615384615385 0.6285336538461539 0.13766826923076925 0.08908653846153847
5 0.06591346153846155 0.8922596153846154 0.13185096153846154 0.08483173076923077
5 0.07016826923076923 0.37896634615384617 0.14033653846153846 0.09615384615384616
5 0.04896634615384616 0.09685096153846154 0.09790865384615384 0.17391826923076922