10 0.20403846153846153 0.4793509615384615 0.16382211538461539 0.6476201923076924
10 0.2697836538461539 0.31461538461538463 0.06341346153846153 0.29552884615384617
10 0.34754807692307693 0.2714903846153846 0.08036057692307692 0.26300480769230766
10 0.4436778846153846 0.26937500000000003 0.06903846153846153 0.19653846153846155
10 0.5497115384615385 0.2403846153846154 0.11141826923076924 0.2121153846153846
10 0.6458653846153847 0.28634615384615386 0.09161057692307692 0.24180288461538463
10 0.7123317307692307 0.2926923076923077 0.12896634615384614 0.21492788461538462
10 0.8289663461538462 0.3937980769230769 0.14737980769230768 0.4510817307692308
10 0.7399038461538462 0.6172115384615384 0.175625 0.45389423076923074
10 0.6091105769230769 0.5783413461538461 0.13120192307692308 0.40158653846153847
10 0.4768990384615384 0.6228846153846154 0.20052884615384617 0.49067307692307693
10 0.30512019230769233 0.5854086538461538 0.17651442307692308 0.44401442307692307
10 0.48254807692307694 0.5762259615384615 0.15810096153846154 0.44824519230769233
5 0.6380769230769231 0.5599519230769231 0.11564903846153846 0.3506730769230769
5 0.3411778846153846 0.5705528846153846 0.09026442307692308 0.40865384615384615
5 0.4818509615384615 0.5748076923076924 0.14819711538461539 0.4341105769230769
5 0.6394951923076923 0.5599519230769231 0.10716346153846154 0.40158653846153847
5 0.7667548076923077 0.6051923076923077 0.115625 0.3704807692307692
5 0.8268509615384616 0.27221153846153845 0.11485576923076923 0.20502403846153847
5 0.4896394230769231 0.3421875 0.0478125 0.22625
5 0.5603365384615384 0.27502403846153844 0.0478125 0.15978365384615384
5 0.6260817307692308 0.31038461538461537 0.04355769230769231 0.1343269230769231