10 0.5454567307692307 0.5260096153846153 0.32067307692307695 0.625
5 0.8897596153846153 0.43199519230769234 0.07033653846153846 0.4454086538461538
5 0.8678365384615384 0.43764423076923076 0.06329326923076922 0.43127403846153844
5 0.8381490384615385 0.43199519230769234 0.07459134615384616 0.4595673076923077
5 0.8190625 0.44187499999999996 0.061875 0.4397596153846154
5 0.7900721153846154 0.4397596153846154 0.06896634615384616 0.44682692307692307
5 0.7653365384615385 0.43199519230769234 0.06754807692307693 0.44824519230769233
5 0.7427163461538462 0.4489423076923077 0.06754807692307693 0.4114903846153846
5 0.7002884615384615 0.4461298076923077 0.033629807692307695 0.4510817307692308
5 0.6614182692307692 0.44259615384615386 0.06334134615384615 0.44401442307692307
5 0.6296153846153847 0.36199519230769234 0.04213942307692308 0.26300480769230766
5 0.30937499999999996 0.4503605769230769 0.04644230769230769 0.3945192307692308
5 0.24716346153846153 0.44682692307692307 0.049302884615384616 0.4100721153846154