10 0.4132451923076923 0.6583653846153846 0.6020673076923078 0.6832692307692307
10 0.05673076923076924 0.6999519230769231 0.11346153846153847 0.4100721153846154
10 0.0732451923076923 0.5804567307692308 0.06913461538461539 0.11170673076923077
10 0.11 0.6002644230769231 0.05213942307692308 0.06927884615384615
10 0.9110336538461539 0.720576923076923 0.1779326923076923 0.5588221153846153
10 0.7512019230769231 0.7473076923076923 0.16086538461538463 0.4991586538461539
10 0.6818990384615385 0.5189423076923076 0.0534375 0.06504807692307692
10 0.6472836538461538 0.5069230769230769 0.037884615384615385 0.05514423076923077
10 0.5801201923076923 0.5309615384615385 0.059110576923076925 0.10038461538461538
10 0.605576923076923 0.5104567307692307 0.030817307692307692 0.0565625
10 0.7151442307692307 0.04100961538461538 0.057668269230769224 0.08201923076923076
10 0.8119951923076923 0.09545673076923077 0.047740384615384615 0.19088942307692308
10 0.8798557692307691 0.09192307692307693 0.044903846153846155 0.18382211538461538
10 0.9413701923076924 0.10038461538461538 0.043461538461538454 0.20079326923076923
5 0.5610096153846154 0.6313701923076922 0.552548076923077 0.2757451923076923