5 0.18973557692307694 0.6172115384615384 0.3794711538461539 0.10322115384615384
5 0.26269230769230767 0.5246153846153846 0.30096153846153845 0.06504807692307692
5 0.06884615384615385 0.4963221153846154 0.13766826923076925 0.03959134615384615
5 0.2874278846153846 0.4263221153846154 0.2571153846153846 0.07495192307692308
5 0.06884615384615385 0.40442307692307694 0.13766826923076925 0.03959134615384615
5 0.28956730769230765 0.3421875 0.22459134615384618 0.08483173076923077
5 0.07024038461538461 0.31391826923076926 0.1405048076923077 0.019807692307692307
5 0.23512019230769232 0.2396875 0.24298076923076922 0.08060096153846154
5 0.5631490384615385 0.26937500000000003 0.19483173076923077 0.04665865384615385
5 0.7222115384615384 0.30117788461538464 0.16512019230769232 0.07634615384615386
5 0.7250240384615385 0.3937980769230769 0.1453125 0.07776442307692308
5 0.7278605769230769 0.4871394230769231 0.16512019230769232 0.09192307692307693
5 0.651514423076923 0.5811538461538461 0.20471153846153844 0.10180288461538461
5 0.551826923076923 0.5366346153846154 0.16091346153846153 0.09473557692307691
5 0.5539663461538461 0.44401442307692307 0.18264423076923078 0.06221153846153846
5 0.5575 0.37543269230769233 0.17276442307692308 0.06646634615384615
5 0.9301201923076923 0.5627884615384615 0.1397596153846154 0.0791826923076923
5 0.9314663461538462 0.4942067307692308 0.13185096153846154 0.05798076923076923
5 0.9320673076923077 0.44048076923076923 0.1358653846153846 0.05798076923076923
5 0.932764423076923 0.38884615384615384 0.13444711538461537 0.0565625
5 0.932764423076923 0.3301682692307692 0.13444711538461537 0.04949519230769231
5 0.9363221153846154 0.26795673076923077 0.1273798076923077 0.04384615384615384
5 0.043389423076923075 0.23189903846153845 0.0867548076923077 0.02826923076923077