5 0.7200721153846155 0.6916105769230769 0.28528846153846155 0.6168028846153846
10 0.7002884615384615 0.6371634615384616 0.38427884615384617 0.7256730769230769
10 0.9378846153846154 0.6329086538461539 0.12420673076923078 0.7341586538461539
10 0.8063461538461538 0.5295432692307692 0.15802884615384613 0.4821875
10 0.5723557692307693 0.38038461538461543 0.057692307692307696 0.13858173076923078
10 0.4910576923076923 0.4284615384615385 0.06762019230769231 0.17533653846153846
10 0.4465144230769231 0.44048076923076923 0.08600961538461539 0.22483173076923077
10 0.38853365384615385 0.41502403846153846 0.09168269230769231 0.1541346153846154
10 0.20826923076923076 0.4227884615384615 0.07334134615384616 0.17533653846153846
10 0.13264423076923076 0.42562500000000003 0.07478365384615385 0.17817307692307693
10 0.03932692307692308 0.38603365384615385 0.07480769230769231 0.12442307692307691