19 0.476 0.32266666666666666 0.372 0.13333333333333333
19 0.577 0.5 0.226 0.13066666666666665
19 0.417 0.56 0.21 0.13866666666666666
19 0.548 0.644 0.3 0.13066666666666665
19 0.338 0.7746666666666666 0.34 0.2
19 0.496 0.22133333333333333 0.368 0.15466666666666667
19 0.837 0.232 0.31 0.13866666666666666
19 0.78126 0.39666666666666667 0.22584 0.09554666666666667
19 0.59374 0.10554666666666666 0.24416 0.13112000000000001
19 0.84708 0.13221333333333332 0.30584 0.10666666666666667
19 0.76666 0.5566666666666666 0.205 0.07778666666666667
19 0.46834 0.43168 0.31166000000000005 0.11888
19 0.37333999999999995 0.06112000000000001 0.29834 0.12221333333333333